-----------------------------------------------------------------------------
  			 			    LP relaxation	                                
-----------------------------------------------------------------------------
x [*,*]
:    1   2   3   4   5   6   7   8   9  10    :=
1    1   0   0   0   0   0   0   0   0   0
2    1   0   0   0   0   0   0   0   0   0
3    1   0   0   0   0   0   0   0   0   0
4    0   1   0   0   0   0   0   0   0   0
5    0   1   0   0   0   0   0   0   0   0
6    0   0   1   0   0   0   0   0   0   0
7    1   0   0   0   0   0   0   0   0   0
8    0   1   0   0   0   0   0   0   0   0
9    0   0   1   0   0   0   0   0   0   0
10   0   0   1   0   0   0   0   0   0   0
;

VMs = 3


-----------------------------------------------------------------------------
  			 			Violated cover inequalities	        		        
-----------------------------------------------------------------------------

----------------------------------- Iter: 0 ---------------------------------
Instantiated VMs=3 
SEP=2.000 
VM[1]
u [*] :=
 1  1
 2  1
 3  1
 4  0
 5  0
 6  1
 7  1
 8  0
 9  1
10  0
;

SEP=3.000 
VM[2]
u [*] :=
 1  0
 2  0
 3  1
 4  1
 5  1
 6  0
 7  1
 8  1
 9  1
10  0
;

SEP=2.000 
VM[3]
u [*] :=
 1  0
 2  0
 3  1
 4  1
 5  0
 6  1
 7  0
 8  0
 9  1
10  1
;

Optimal values of VMs for LP with all violated cover inequalities:
VMs = 3

Total number of cover inequalities considered: 0
