-----------------------------------------------------------------------------
  			 			    LP relaxation	                                
-----------------------------------------------------------------------------
x [*,*]
:       1          2          3          4       5   6      7       8   9  10 :=
1    0          0          0          1          0   0   0          0   0   0
2    0          1          0          0          0   0   0          0   0   0
3    1          0          0          0          0   0   0          0   0   0
4    0          0.883212   0.116788   0          0   0   0          0   0   0
5    0          0          0.148148   0.851852   0   0   0          0   0   0
6    0          1          0          0          0   0   0          0   0   0
7    0          0          0          0          0   0   1          0   0   0
8    1          0          0          0          0   0   0          0   0   0
9    0          0          1          0          0   0   0          0   0   0
10   0          0          0          0          0   0   1          0   0   0
11   0.666667   0          0.333333   0          0   0   0          0   0   0
12   0          0          0          0          0   0   1          0   0   0
13   0          0.364964   0.635036   0          0   0   0          0   0   0
14   0          0          0.555556   0.444444   0   0   0          0   0   0
15   0          0.868613   0.131387   0          0   0   0          0   0   0
16   0          1          0          0          0   0   0          0   0   0
17   0          0          0.571429   0          0   0   0.428571   0   0   0
18   0          0          0.428571   0          0   0   0.571429   0   0   0
19   1          0          0          0          0   0   0          0   0   0
20   0          0          0          1          0   0   0          0   0   0

:   11  12  13  14  15  16  17  18  19  20    :=
1    0   0   0   0   0   0   0   0   0   0
2    0   0   0   0   0   0   0   0   0   0
3    0   0   0   0   0   0   0   0   0   0
4    0   0   0   0   0   0   0   0   0   0
5    0   0   0   0   0   0   0   0   0   0
6    0   0   0   0   0   0   0   0   0   0
7    0   0   0   0   0   0   0   0   0   0
8    0   0   0   0   0   0   0   0   0   0
9    0   0   0   0   0   0   0   0   0   0
10   0   0   0   0   0   0   0   0   0   0
11   0   0   0   0   0   0   0   0   0   0
12   0   0   0   0   0   0   0   0   0   0
13   0   0   0   0   0   0   0   0   0   0
14   0   0   0   0   0   0   0   0   0   0
15   0   0   0   0   0   0   0   0   0   0
16   0   0   0   0   0   0   0   0   0   0
17   0   0   0   0   0   0   0   0   0   0
18   0   0   0   0   0   0   0   0   0   0
19   0   0   0   0   0   0   0   0   0   0
20   0   0   0   0   0   0   0   0   0   0
;

VMs = 5


-----------------------------------------------------------------------------
  			 			Violated cover inequalities	        		        
-----------------------------------------------------------------------------

----------------------------------- Iter: 0 ---------------------------------
Instantiated VMs=5 
SEP=0.333 
VM[1]
u [*] :=
 1  0
 2  0
 3  1
 4  0
 5  0
 6  0
 7  0
 8  1
 9  0
10  0
11  1
12  0
13  0
14  0
15  0
16  0
17  0
18  0
19  1
20  0
;

CI[1] := 3 1 
8 1 
11 1 
19 1 


SEP=0.883 
VM[2]
u [*] :=
 1  0
 2  1
 3  0
 4  1
 5  0
 6  1
 7  0
 8  0
 9  0
10  0
11  0
12  0
13  1
14  0
15  1
16  1
17  0
18  0
19  0
20  0
;

CI[2] := 2 2 
4 2 
6 2 
13 2 
15 2 
16 2 


SEP=1.725 
VM[3]
u [*] :=
 1  0
 2  0
 3  0
 4  0
 5  1
 6  0
 7  0
 8  0
 9  1
10  0
11  0
12  0
13  0
14  1
15  0
16  0
17  1
18  0
19  0
20  0
;

SEP=1.556 
VM[4]
u [*] :=
 1  1
 2  0
 3  0
 4  0
 5  0
 6  0
 7  0
 8  0
 9  0
10  0
11  0
12  0
13  0
14  1
15  0
16  0
17  1
18  0
19  0
20  1
;

SEP=1.000 
VM[7]
u [*] :=
 1  0
 2  0
 3  0
 4  0
 5  0
 6  0
 7  1
 8  0
 9  0
10  1
11  0
12  1
13  0
14  0
15  0
16  0
17  1
18  1
19  0
20  0
;

----------------------------------- Iter: 1 ---------------------------------
Instantiated VMs=5 
SEP=1.000 
VM[1]
u [*] :=
 1  0
 2  0
 3  1
 4  0
 5  0
 6  0
 7  1
 8  0
 9  0
10  0
11  0
12  0
13  1
14  0
15  1
16  0
17  0
18  1
19  0
20  0
;

SEP=2.089 
VM[2]
u [*] :=
 1  0
 2  0
 3  0
 4  0
 5  1
 6  0
 7  0
 8  0
 9  0
10  0
11  1
12  0
13  0
14  0
15  0
16  0
17  1
18  1
19  1
20  0
;

SEP=1.134 
VM[3]
u [*] :=
 1  1
 2  1
 3  0
 4  0
 5  0
 6  0
 7  0
 8  0
 9  0
10  0
11  0
12  1
13  0
14  0
15  0
16  0
17  1
18  1
19  0
20  0
;

SEP=0.750 
VM[4]
u [*] :=
 1  0
 2  0
 3  0
 4  0
 5  0
 6  1
 7  0
 8  1
 9  0
10  1
11  0
12  0
13  0
14  0
15  0
16  1
17  0
18  1
19  0
20  0
;

CI[3] := 6 4 
8 4 
10 4 
16 4 
18 4 


SEP=1.160 
VM[5]
u [*] :=
 1  1
 2  0
 3  0
 4  1
 5  0
 6  0
 7  0
 8  0
 9  1
10  0
11  0
12  0
13  0
14  1
15  0
16  0
17  0
18  1
19  0
20  0
;

----------------------------------- Iter: 2 ---------------------------------
Instantiated VMs=5 
SEP=1.000 
VM[1]
u [*] :=
 1  0
 2  0
 3  1
 4  0
 5  0
 6  0
 7  1
 8  0
 9  0
10  0
11  0
12  0
13  1
14  0
15  1
16  0
17  0
18  1
19  0
20  0
;

SEP=2.000 
VM[2]
u [*] :=
 1  0
 2  0
 3  0
 4  0
 5  1
 6  0
 7  0
 8  0
 9  0
10  0
11  1
12  0
13  0
14  0
15  0
16  0
17  1
18  1
19  1
20  0
;

SEP=1.138 
VM[3]
u [*] :=
 1  1
 2  1
 3  0
 4  0
 5  0
 6  0
 7  0
 8  0
 9  0
10  0
11  0
12  1
13  0
14  0
15  0
16  0
17  1
18  1
19  0
20  0
;

SEP=1.000 
VM[4]
u [*] :=
 1  0
 2  0
 3  0
 4  0
 5  0
 6  1
 7  0
 8  1
 9  0
10  1
11  0
12  0
13  0
14  0
15  0
16  1
17  0
18  1
19  0
20  0
;

SEP=0.862 
VM[5]
u [*] :=
 1  1
 2  0
 3  0
 4  1
 5  0
 6  0
 7  0
 8  0
 9  1
10  0
11  0
12  0
13  0
14  1
15  0
16  0
17  0
18  1
19  0
20  0
;

CI[4] := 1 5 
4 5 
9 5 
14 5 
18 5 


----------------------------------- Iter: 3 ---------------------------------
Instantiated VMs=5 
SEP=1.244 
VM[1]
u [*] :=
 1  1
 2  0
 3  0
 4  0
 5  0
 6  0
 7  0
 8  1
 9  1
10  0
11  0
12  0
13  0
14  1
15  0
16  0
17  0
18  0
19  0
20  1
;

SEP=1.318 
VM[2]
u [*] :=
 1  1
 2  0
 3  1
 4  0
 5  0
 6  0
 7  1
 8  0
 9  0
10  0
11  0
12  0
13  1
14  0
15  0
16  1
17  0
18  1
19  0
20  0
;

SEP=1.000 
VM[3]
u [*] :=
 1  0
 2  0
 3  0
 4  0
 5  1
 6  0
 7  0
 8  0
 9  0
10  0
11  0
12  1
13  0
14  0
15  0
16  0
17  1
18  0
19  1
20  0
;

SEP=1.192 
VM[4]
u [*] :=
 1  0
 2  1
 3  0
 4  0
 5  0
 6  1
 7  0
 8  0
 9  0
10  0
11  1
12  0
13  0
14  0
15  1
16  0
17  1
18  0
19  0
20  0
;

SEP=1.519 
VM[7]
u [*] :=
 1  0
 2  0
 3  0
 4  1
 5  0
 6  0
 7  0
 8  0
 9  0
10  1
11  0
12  0
13  0
14  0
15  0
16  1
17  1
18  1
19  0
20  0
;

Optimal values of VMs for LP with all violated cover inequalities:
VMs = 5

Total number of cover inequalities considered: 4
