-----------------------------------------------------------------------------
  			 			    LP relaxation	                                
-----------------------------------------------------------------------------
x [*,*]
:    1   2   3   4   5   6   7   8   9  10  11  12  13  14  15    :=
1    1   0   0   0   0   0   0   0   0   0   0   0   0   0   0
2    1   0   0   0   0   0   0   0   0   0   0   0   0   0   0
3    1   0   0   0   0   0   0   0   0   0   0   0   0   0   0
4    0   1   0   0   0   0   0   0   0   0   0   0   0   0   0
5    0   1   0   0   0   0   0   0   0   0   0   0   0   0   0
6    0   0   1   0   0   0   0   0   0   0   0   0   0   0   0
7    0   1   0   0   0   0   0   0   0   0   0   0   0   0   0
8    0   0   1   0   0   0   0   0   0   0   0   0   0   0   0
9    0   0   1   0   0   0   0   0   0   0   0   0   0   0   0
10   0   0   0   1   0   0   0   0   0   0   0   0   0   0   0
11   0   0   0   1   0   0   0   0   0   0   0   0   0   0   0
12   0   0   0   1   0   0   0   0   0   0   0   0   0   0   0
13   0   0   0   0   1   0   0   0   0   0   0   0   0   0   0
14   0   0   1   0   0   0   0   0   0   0   0   0   0   0   0
15   0   0   0   1   0   0   0   0   0   0   0   0   0   0   0
;

VMs = 5


-----------------------------------------------------------------------------
  			 			Violated cover inequalities	        		        
-----------------------------------------------------------------------------

----------------------------------- Iter: 0 ---------------------------------
Instantiated VMs=5 
SEP=3.000 
VM[1]
u [*] :=
 1  1
 2  1
 3  1
 4  0
 5  0
 6  0
 7  0
 8  0
 9  0
10  0
11  0
12  1
13  1
14  1
15  0
;

SEP=4.000 
VM[2]
u [*] :=
 1  0
 2  0
 3  0
 4  1
 5  1
 6  0
 7  1
 8  0
 9  1
10  0
11  0
12  1
13  0
14  1
15  1
;

SEP=2.000 
VM[3]
u [*] :=
 1  0
 2  0
 3  0
 4  0
 5  1
 6  1
 7  0
 8  1
 9  1
10  0
11  0
12  0
13  0
14  1
15  1
;

SEP=2.000 
VM[4]
u [*] :=
 1  0
 2  0
 3  0
 4  0
 5  0
 6  0
 7  0
 8  0
 9  1
10  1
11  1
12  1
13  0
14  1
15  1
;

SEP=5.000 
VM[5]
u [*] :=
 1  0
 2  0
 3  0
 4  0
 5  0
 6  0
 7  0
 8  0
 9  1
10  0
11  1
12  1
13  1
14  1
15  1
;

Optimal values of VMs for LP with all violated cover inequalities:
VMs = 5

Total number of cover inequalities considered: 0
