-----------------------------------------------------------------------------
  			 			    LP relaxation	                                
-----------------------------------------------------------------------------
x [*,*]
:    1      2       3   4   5   6   7   8      9          10       :=
1    0   0          0   0   0   0   0   0   0          1
2    0   0          0   0   0   0   0   0   1          0
3    0   0.784848   0   0   0   0   0   0   0.215152   0
4    0   0.786632   0   0   0   0   0   0   0          0.213368
5    0   0          0   0   0   0   0   0   1          0
6    0   0.260606   0   0   0   0   0   0   0.739394   0
7    0   0          0   0   0   0   0   0   1          0
8    0   0          0   0   0   0   0   0   0          1
9    0   1          0   0   0   0   0   0   0          0
10   0   0.128535   0   0   0   0   0   0   0          0.871465
;

VMs = 3


-----------------------------------------------------------------------------
  			 			Violated cover inequalities	        		        
-----------------------------------------------------------------------------

----------------------------------- Iter: 0 ---------------------------------
Instantiated VMs=3 
SEP=2.168 
VM[2]
u [*] :=
 1  0
 2  0
 3  1
 4  1
 5  1
 6  1
 7  0
 8  0
 9  1
10  0
;

SEP=1.045 
VM[9]
u [*] :=
 1  0
 2  1
 3  1
 4  0
 5  1
 6  1
 7  1
 8  0
 9  0
10  0
;

SEP=1.129 
VM[10]
u [*] :=
 1  1
 2  0
 3  0
 4  0
 5  1
 6  0
 7  0
 8  1
 9  0
10  1
;

Optimal values of VMs for LP with all violated cover inequalities:
VMs = 3

Total number of cover inequalities considered: 0
