-----------------------------------------------------------------------------
  			 			    LP relaxation	                                
-----------------------------------------------------------------------------
x [*,*]
:       1       2   3   4      5       6   7   8      9      10  11  12    :=
1    0.205882   0   0   0   0.176471   0   0   0   0.205882   0   0   0
2    0.205882   0   0   0   0.176471   0   0   0   0.205882   0   0   0
3    0.205882   0   0   0   0.176471   0   0   0   0.205882   0   0   0
4    0.205882   0   0   0   0.176471   0   0   0   0.205882   0   0   0
5    0.205882   0   0   0   0.176471   0   0   0   0.205882   0   0   0
6    0.205882   0   0   0   0.176471   0   0   0   0.205882   0   0   0
7    0.205882   0   0   0   0.176471   0   0   0   0.205882   0   0   0
8    0.205882   0   0   0   0.176471   0   0   0   0.205882   0   0   0
9    0.205882   0   0   0   0.176471   0   0   0   0.205882   0   0   0
10   0.205882   0   0   0   0.176471   0   0   0   0.205882   0   0   0
11   0.205882   0   0   0   0.176471   0   0   0   0.205882   0   0   0
12   0.205882   0   0   0   0.176471   0   0   0   0.205882   0   0   0
13   0.205882   0   0   0   0.176471   0   0   0   0.205882   0   0   0
14   0.205882   0   0   0   0.176471   0   0   0   0.205882   0   0   0
15   0.205882   0   0   0   0.176471   0   0   0   0.205882   0   0   0
16   0.205882   0   0   0   0.176471   0   0   0   0.205882   0   0   0
17   0.205882   0   0   0   0.176471   0   0   0   0.205882   0   0   0
18   0.205882   0   0   0   0.176471   0   0   0   0.205882   0   0   0
19   0.205882   0   0   0   0.176471   0   0   0   0.205882   0   0   0
20   0.205882   0   0   0   0.176471   0   0   0   0.205882   0   0   0

:       13     14  15  16      17     18  19  20    :=
1    0.205882   0   0   0   0.205882   0   0   0
2    0.205882   0   0   0   0.205882   0   0   0
3    0.205882   0   0   0   0.205882   0   0   0
4    0.205882   0   0   0   0.205882   0   0   0
5    0.205882   0   0   0   0.205882   0   0   0
6    0.205882   0   0   0   0.205882   0   0   0
7    0.205882   0   0   0   0.205882   0   0   0
8    0.205882   0   0   0   0.205882   0   0   0
9    0.205882   0   0   0   0.205882   0   0   0
10   0.205882   0   0   0   0.205882   0   0   0
11   0.205882   0   0   0   0.205882   0   0   0
12   0.205882   0   0   0   0.205882   0   0   0
13   0.205882   0   0   0   0.205882   0   0   0
14   0.205882   0   0   0   0.205882   0   0   0
15   0.205882   0   0   0   0.205882   0   0   0
16   0.205882   0   0   0   0.205882   0   0   0
17   0.205882   0   0   0   0.205882   0   0   0
18   0.205882   0   0   0   0.205882   0   0   0
19   0.205882   0   0   0   0.205882   0   0   0
20   0.205882   0   0   0   0.205882   0   0   0
;

VMs = 1


-----------------------------------------------------------------------------
  			 			Violated cover inequalities	        		        
-----------------------------------------------------------------------------

----------------------------------- Iter: 0 ---------------------------------
Instantiated VMs=1 
SEP=3.176 
VM[1]
u [*] :=
 1  0
 2  0
 3  1
 4  0
 5  0
 6  0
 7  0
 8  0
 9  0
10  0
11  1
12  0
13  0
14  0
15  1
16  0
17  1
18  0
19  0
20  0
;

SEP=3.294 
VM[5]
u [*] :=
 1  0
 2  0
 3  1
 4  0
 5  0
 6  0
 7  0
 8  0
 9  0
10  0
11  1
12  0
13  0
14  0
15  1
16  0
17  1
18  0
19  0
20  0
;

SEP=3.176 
VM[9]
u [*] :=
 1  0
 2  0
 3  1
 4  0
 5  0
 6  0
 7  0
 8  0
 9  0
10  0
11  1
12  0
13  0
14  0
15  1
16  0
17  1
18  0
19  0
20  0
;

SEP=3.176 
VM[13]
u [*] :=
 1  0
 2  0
 3  1
 4  0
 5  0
 6  0
 7  0
 8  0
 9  0
10  0
11  1
12  0
13  0
14  0
15  1
16  0
17  1
18  0
19  0
20  0
;

SEP=3.176 
VM[17]
u [*] :=
 1  0
 2  0
 3  1
 4  0
 5  0
 6  0
 7  0
 8  0
 9  0
10  0
11  1
12  0
13  0
14  0
15  1
16  0
17  1
18  0
19  0
20  0
;

Optimal values of VMs for LP with all violated cover inequalities:
VMs = 1

Total number of cover inequalities considered: 0
