-----------------------------------------------------------------------------
  			 			    LP relaxation	                                
-----------------------------------------------------------------------------
x [*,*]
:    1    2    3      4       5      6          7       8   9  10    :=
1    0   0     0   0          0   0.833333   0.166667   0   0   0
2    0   1     0   0          0   0          0          0   0   0
3    0   0     0   1          0   0          0          0   0   0
4    0   1     0   0          0   0          0          0   0   0
5    0   0     0   0          0   0          1          0   0   0
6    0   0.2   0   0.8        0   0          0          0   0   0
7    0   1     0   0          0   0          0          0   0   0
8    0   0     0   0          0   0          0          0   1   0
9    0   0     0   0          0   0          1          0   0   0
10   0   0     0   0.166667   0   0.833333   0          0   0   0
;

VMs = 5


-----------------------------------------------------------------------------
  			 			Violated cover inequalities	        		        
-----------------------------------------------------------------------------

----------------------------------- Iter: 0 ---------------------------------
Instantiated VMs=5 
SEP=1.800 
VM[2]
u [*] :=
 1  0
 2  1
 3  0
 4  1
 5  0
 6  1
 7  1
 8  0
 9  1
10  0
;

SEP=1.200 
VM[4]
u [*] :=
 1  0
 2  0
 3  1
 4  0
 5  0
 6  1
 7  0
 8  0
 9  1
10  0
;

SEP=3.000 
VM[6]
u [*] :=
 1  0
 2  0
 3  1
 4  0
 5  0
 6  1
 7  0
 8  0
 9  1
10  0
;

SEP=1.833 
VM[7]
u [*] :=
 1  1
 2  0
 3  0
 4  0
 5  1
 6  1
 7  0
 8  0
 9  1
10  0
;

SEP=3.000 
VM[9]
u [*] :=
 1  0
 2  0
 3  0
 4  0
 5  1
 6  1
 7  0
 8  1
 9  1
10  0
;

Optimal values of VMs for LP with all violated cover inequalities:
VMs = 5

Total number of cover inequalities considered: 0
